播放1截图为证！,0.29200,2018-08-15 07:28:40
怎么又是爱酱,293.00700,2018-08-15 07:28:40
本子预订,316.32800,2018-08-15 07:29:16
本子预订,317.72700,2018-08-15 07:29:20
emmmm，这个还没完把！,198.93700,2018-08-15 07:29:20
本子预订,319.00700,2018-08-15 07:29:26
这口音我喜欢,219.69300,2018-08-15 07:29:37
男人的浪漫是肌肉！是机瞄！是摔♂跤！,153.64700,2018-08-15 07:29:38
这么短？！,266.45200,2018-08-15 07:29:43
这个还行,159.72800,2018-08-15 07:29:49
求小桃视角,298.35900,2018-08-15 07:29:49
本子预定,315.37100,2018-08-15 07:29:58
本子预订,314.62700,2018-08-15 07:29:10
爱酱是卢瑟吗233333,301.03700,2018-08-15 07:29:11
13分钟前,14.44900,2018-08-15 07:30:26
我们免费啦！,284.22500,2018-08-15 07:30:46
本子预定（第一）,318.22900,2018-08-15 07:30:49
我刚买就被下架了日,16.29900,2018-08-15 07:30:56
第一本子预订,267.21300,2018-08-15 07:31:06
阿珍爱上了阿强！,173.48700,2018-08-15 07:30:12
是卢瑟啦,312.44600,2018-08-15 07:31:32
小柔,159.12300,2018-08-15 07:31:34
What？,136.43000,2018-08-15 07:31:37
2323333,312.25400,2018-08-15 07:31:12
弹幕呢？,204.57600,2018-08-15 07:32:03
666666,57.21700,2018-08-15 07:32:03
啊，给人的感悟呢,265.30500,2018-08-15 07:31:15
无语x3↘,139.70700,2018-08-15 07:31:18
眼部穿模,298.93400,2018-08-15 07:31:21
这操作6啊,55.60800,2018-08-15 07:32:34
这个叫psv,138.90700,2018-08-15 07:32:41
自带脑补苏联国歌,29.53600,2018-08-15 07:32:16
我单推并且DD,134.20100,2018-08-15 07:33:03
真男人就要开扎古！,154.60800,2018-08-15 07:33:09
问题我都懂，但是我很在意穿模,305.62400,2018-08-15 07:33:43
我今天就要带她走，我看谁敢拦我,163.58400,2018-08-15 07:33:51
说真的你们不觉得越看越好看了吗,3.02300,2018-08-15 07:34:01
刺客五六七吹爆,265.38400,2018-08-15 07:34:07
看我刷出了什么,299.49600,2018-08-15 07:34:22
阿珍爱上了阿强,167.76600,2018-08-15 07:33:30
嘿嘿嘿,3.36600,2018-08-15 07:35:16
空条承太羊,32.85800,2018-08-15 07:35:22
23333333,39.70000,2018-08-15 07:35:57
23333,51.86400,2018-08-15 07:36:09
好短,266.60600,2018-08-15 07:35:38
阿珍爱上了阿强,172.98600,2018-08-15 07:36:57
看到了VG和IG,99.64900,2018-08-15 07:37:03
赞美太阳,150.04200,2018-08-15 07:37:20
本子发售了吗？,106.43200,2018-08-15 07:37:36
赞美太阳！,149.78100,2018-08-15 07:37:39
19分钟前,3.00500,2018-08-15 07:36:52
我就想知道川普是什么感觉,252.78100,2018-08-15 07:38:04
后面的爱酱好抢戏,290.93200,2018-08-15 07:38:27
3676,4.38400,2018-08-15 07:38:28
。。。。,22.44400,2018-08-15 07:38:37
外孙女预定,320.79100,2018-08-15 07:38:43
666666666666,28.73400,2018-08-15 07:38:45
20分钟前,10.50300,2018-08-15 07:37:52
吉姆加农炮= =,154.03100,2018-08-15 07:39:10
我们免费了,287.16700,2018-08-15 07:39:14
虚拟次元计划特色之穿模,291.72900,2018-08-15 07:39:22
为什么爱酱是黑人老哥23333,288.25000,2018-08-15 07:39:23
23333,27.65900,2018-08-15 07:39:29
底特律希桃,277.79300,2018-08-15 07:39:36
社会人,26.36700,2018-08-15 07:38:55
23333333333333,39.11700,2018-08-15 07:38:56
啊，终于是妈妈角色了,277.24200,2018-08-15 07:39:00
拖时间……让我心甘情愿的看你们拖时间,203.76300,2018-08-15 07:39:02
四川话好评,37.20600,2018-08-15 07:40:11
前方有点厉害,22.42400,2018-08-15 07:40:11
别那么在意模型嘛,16.18600,2018-08-15 07:39:51
某幻？,14.58400,2018-08-15 07:40:21
应该是竟然高达2.7分,76.38700,2018-08-15 07:40:23
23333333333333333,37.47500,2018-08-15 07:40:25
厉害,54.06400,2018-08-15 07:40:44
在现场，我是一只路过的苍蝇,63.37900,2018-08-15 07:40:50
6666666,54.09900,2018-08-15 07:40:01
本子预定,317.67900,2018-08-15 07:40:03
底特律:变成沙雕,313.86200,2018-08-15 07:41:20
阿珍爱上了阿强,170.02200,2018-08-15 07:41:32
服气,123.63300,2018-08-15 07:41:54
伍六七是导演配的。,224.16900,2018-08-15 07:41:14
不是动画片还是什么？,98.86300,2018-08-15 07:42:22
无语,155.14800,2018-08-15 07:42:25
吹爆,9.55900,2018-08-15 07:42:46
刺客？愚蠢！交出首级！,182.00400,2018-08-15 07:43:03
广普！,194.03400,2018-08-15 07:43:04
去买块豆腐吧！,130.08500,2018-08-15 07:43:06
（                            ,122.69400,2018-08-15 07:42:16
阿珍爱上了阿强,3.02700,2018-08-15 07:43:30
今天天气好晴朗啊。说道晴天，我下个月过生日，你喜欢吃肉吗？,134.19400,2018-08-15 07:43:33
还有老干爹和NEWBEE,100.00900,2018-08-15 07:43:10
psp都出现了为什么不干脆出现海王星啊,141.64100,2018-08-15 07:43:18
23333,209.27200,2018-08-15 07:43:19
在B站看到结局那段的视频才去补的,257.34600,2018-08-15 07:43:23
店长飞刀警告,126.21000,2018-08-15 07:44:56
6666,56.21100,2018-08-15 07:44:59
生气了,264.22400,2018-08-15 07:45:00
大巴黎咚咚咚,108.06400,2018-08-15 07:44:19
赞美太阳！,149.74100,2018-08-15 07:45:14
痴汉笑,307.67000,2018-08-15 07:44:26
不要高达要机甲,154.76800,2018-08-15 07:46:14
啊珍爱上了阿强,6.59300,2018-08-15 07:45:25
阿珍爱上了阿强,171.78800,2018-08-15 07:46:20
5177！,12.07100,2018-08-15 07:47:04
爪,203.20700,2018-08-15 07:47:07
6666666,278.84100,2018-08-15 07:47:13
看似是刺客排行榜1万多名的无名小卒，实则大号是刺客排行榜第一的(剧透被杀),183.58700,2018-08-15 07:47:15
果子哥哥2333,22.09600,2018-08-15 07:47:28
阿珍爱上了阿强,167.14100,2018-08-15 07:46:31
就是动画片。,98.10700,2018-08-15 07:47:29
别吧,97.76800,2018-08-15 07:46:33
不是动画片是什么？难道是高贵的冻鳗吗？,103.54500,2018-08-15 07:47:32
这是哪里话？,24.83300,2018-08-15 07:48:14
233333,99.95000,2018-08-15 07:48:28
说动画片有问题？别把自己包装的多么高大上,90.00700,2018-08-15 07:48:30
没有那个硬核红细胞？,166.44500,2018-08-15 07:48:32
5117,15.65900,2018-08-15 07:47:42
阿珍爱上了阿强╭(╯ε╰)╮,4.60700,2018-08-15 07:48:58
23333333,144.82200,2018-08-15 07:49:13
扬州一位老领导，上网取名“年轻的心”,44.81900,2018-08-15 07:48:48
汪疯,211.43100,2018-08-15 07:48:49
哈哈,70.03200,2018-08-15 07:50:06
666666,33.30500,2018-08-15 07:50:16
爆裂给把蛋,181.33600,2018-08-15 07:51:15
哈哈,143.20900,2018-08-15 07:51:19
阿珍爱上了阿强,168.56500,2018-08-15 07:51:42
毛被你们和谐了。。可恶,226.10400,2018-08-15 07:50:59
赞美太阳,150.60000,2018-08-15 07:52:12
23333,45.31800,2018-08-15 07:52:18
阿珍爱上了阿强,171.45700,2018-08-15 07:52:26
2333333,69.35700,2018-08-15 07:52:44
这是哪的方言？,27.75700,2018-08-15 07:51:58
md到底还有谁想吃烤肉？（店长飞刀警告）,126.92300,2018-08-15 07:53:25
国画片好吗,175.58700,2018-08-15 07:53:07
唔哦哦哦哦哦哦哦好看啊！,161.11700,2018-08-15 07:54:29
25万啦啊啊啊啊啊,6.67900,2018-08-15 07:54:43
阿珍爱上了阿强,1.11100,2018-08-15 07:54:08
果子哥哥好评,22.76300,2018-08-15 07:54:50
阿珍爱上了阿强,173.63800,2018-08-15 07:54:56
这个掘地求生可以的,149.19800,2018-08-15 07:54:12
哈哈哈和道爷一样,31.64000,2018-08-15 07:55:33
阿珍爱上了阿强,177.40800,2018-08-15 07:55:35
萌二而已,107.15900,2018-08-15 07:55:48
阿希爱上了阿桃,6.68100,2018-08-15 07:56:03
把了去掉，你就完了,176.96500,2018-08-15 07:55:24
赞美太阳,150.10000,2018-08-15 07:55:10
哈哈哈哈哈哈哈哈哈哈哈哈哈哈哈哈哈哈哈哈哈哈哈哈,142.93500,2018-08-15 07:57:00
爱情公墓,79.27400,2018-08-15 07:57:16
是动漫,107.40000,2018-08-15 07:57:19
这不是很久以前的了吗,55.00600,2018-08-15 07:56:33
实话,96.36900,2018-08-15 07:58:01
市井小民 呵   我今天就要带她走我看谁敢拦我   再见！,183.15500,2018-08-15 07:58:17
wyyyyy,125.29500,2018-08-15 07:57:28
成功了一次   就是那个海警大爷那集,198.49500,2018-08-15 07:59:15
说真的去看主要是因为到处都到刷,261.52800,2018-08-15 07:59:20
鹅,158.03700,2018-08-15 07:58:43
ps4手柄？,138.74000,2018-08-15 07:59:57
没有崩啊   最后一话贼帅…,246.91500,2018-08-15 08:00:16
喔列哇阿萨辛哒！,196.05900,2018-08-15 08:01:03
这配音,194.34600,2018-08-15 08:00:53
阿七我吹爆！,181.84700,2018-08-15 08:02:18
宇智波带桃,303.05000,2018-08-15 08:02:00
看过诶,279.40700,2018-08-15 08:03:03
告辞,167.65800,2018-08-15 08:03:05
阿珍爱上了阿强,173.79600,2018-08-15 08:03:53
这才有母女的感觉。。。,306.35300,2018-08-15 08:04:26
本子预定,316.24000,2018-08-15 08:04:31
开什么扎古，来开铁球,155.43700,2018-08-15 08:04:36
大哥抽烟,11.28800,2018-08-15 08:04:37
重庆方言的,46.15600,2018-08-15 08:04:50
汽车人总动员了解一下,89.45400,2018-08-15 08:06:34
没错，就是我,70.90600,2018-08-15 08:06:07
789人正在看,115.54700,2018-08-15 08:07:43
让我想起了乌龙院的漫画,238.82100,2018-08-15 08:08:02
这就是动画啊。动漫指的是动画跟漫画。,99.18700,2018-08-15 08:08:13
赞美太阳☀！,149.90200,2018-08-15 08:08:51
阿珍爱上了阿强,6.66700,2018-08-15 08:10:05
温州人躺枪,36.26900,2018-08-15 08:10:07
嗯哼,8.52500,2018-08-15 08:10:19
不是动画片那是啥。。。,95.69900,2018-08-15 08:10:19
2333,196.00600,2018-08-15 08:09:33
哈哈哈哈哈哎呦司马缸砸光,151.04800,2018-08-15 08:09:35
666666,31.78600,2018-08-15 08:10:47
男人的浪漫不是血吼爆头吗？,154.57200,2018-08-15 08:11:05
广东口音,230.35500,2018-08-15 08:10:26
只有你想不到的网恋,47.58700,2018-08-15 08:11:18
完了希桃被降智了,291.05200,2018-08-15 08:10:41
赞美太阳,150.68700,2018-08-15 08:10:44
想到c系列我就想到...,112.35500,2018-08-15 08:12:35
日本是个神奇的国度,141.83700,2018-08-15 08:13:14
这个海星,148.36500,2018-08-15 08:13:28
又来了，又开始纠结动画动漫了,104.77700,2018-08-15 08:14:14
八九十表示不服,181.45300,2018-08-15 08:14:16
曾志伟?）,187.87500,2018-08-15 08:14:37
爱酱:花Q,293.95300,2018-08-15 08:15:18
正在撕呢,92.40700,2018-08-15 08:15:20
2333,99.14800,2018-08-15 08:15:29
刚看完,200.54700,2018-08-15 08:14:56
我们自由了才对,292.51500,2018-08-15 08:16:31
电灯泡爱酱,313.22900,2018-08-15 08:16:58
直接抱走两母女，不预定了(哼╯^╰),318.69100,2018-08-15 08:17:34
我就知道……,76.02600,2018-08-15 08:17:40
求求你摇了我吧,215.48000,2018-08-15 08:19:04
阿珍爱上了阿强,9.36000,2018-08-15 08:18:22
老新闻了,51.28000,2018-08-15 08:19:46
小桃好可爱,133.19900,2018-08-15 08:19:49
小桃好可爱.,152.80500,2018-08-15 08:20:09
社会！,21.56000,2018-08-15 08:19:17
赞美太阳！,148.69800,2018-08-15 08:21:00
欺负我广西,251.58000,2018-08-15 08:21:48
小桃好可爱啊,267.31500,2018-08-15 08:22:03
这不是psv吗,137.32600,2018-08-15 08:22:09
阿珍爱上了阿强,169.72000,2018-08-15 08:22:14
是PSV2000啦,137.92000,2018-08-15 08:22:25
反正我四川人jio得是四川话,28.49700,2018-08-15 08:23:16
完了，爱丽丝,280.79500,2018-08-15 08:25:32
四川,32.80600,2018-08-15 08:25:40
9368,12.05000,2018-08-15 08:26:06
我们免费了,284.11500,2018-08-15 08:25:46
男人的浪漫是车啊,157.39900,2018-08-15 08:26:20
哦,165.46400,2018-08-15 08:26:44
不错不错,218.00100,2018-08-15 08:27:27
中国游戏产业最黑暗的一天,18.46600,2018-08-15 08:26:59
⊙∀⊙！,261.69100,2018-08-15 08:28:20
厉害厉害,55.95700,2018-08-15 08:28:27
66666666,236.90100,2018-08-15 08:27:55
阿珍爱上了阿强～,2.86400,2018-08-15 08:28:57
2333333333,243.89000,2018-08-15 08:28:02
阿珍爱上了阿强,172.02800,2018-08-15 08:29:07
那是psv…,141.43900,2018-08-15 08:30:15
阿珍爱上了阿强,164.35600,2018-08-15 08:31:54
对本子的,108.14700,2018-08-15 08:32:07
在一个有星星的夜晚,164.35600,2018-08-15 08:32:13
在一个有星星的夜晚,174.48900,2018-08-15 08:32:45
流星也划过天空,164.35600,2018-08-15 08:32:26
强烈推荐这部国漫！！,183.62000,2018-08-15 08:33:22
阿七是导演姜sir配的,192.85700,2018-08-15 08:34:16
吃下这枚安利,183.62000,2018-08-15 08:33:36
本子预定,315.56400,2018-08-15 08:34:48
丸子？,189.52400,2018-08-15 08:35:57
平成要亡了,118.52500,2018-08-15 08:36:19
叫你们奶,41.71500,2018-08-15 08:35:46
平成的怪物,117.90700,2018-08-15 08:37:39
大快人心那个你认真的？你不会真的这么蠢吗？这意味着什么你不知道？,21.37300,2018-08-15 08:36:46
woc，dota2奖金辣么多,104.48800,2018-08-15 08:38:32
为阿七打call!!!!,171.52600,2018-08-15 08:38:36
只能点推荐留下一句话：不退款,26.55900,2018-08-15 08:38:47
这个声音。。。曾志伟？,189.96600,2018-08-15 08:37:46
果子哥哥,34.37800,2018-08-15 08:38:02
快吹快吹!!!我站起来打call!!!真的超棒!!,188.78600,2018-08-15 08:39:20
西恩刀塔强无敌！,102.35800,2018-08-15 08:39:21
果子哥哥,41.92200,2018-08-15 08:39:21
2333333,44.95800,2018-08-15 08:39:32
赞美太阳,149.81100,2018-08-15 08:39:35
赞美太阳,149.81100,2018-08-15 08:39:43
阿珍爱上了阿强,9.38700,2018-08-15 08:39:46
赞美太阳！,150.97900,2018-08-15 08:40:24
其实阿七的道德观超好的,216.22500,2018-08-15 08:39:59
最后一话崩？,249.45700,2018-08-15 08:40:37
重庆话,34.97400,2018-08-15 08:41:23
六道厉害了,32.38800,2018-08-15 08:41:06
曾志伟？,187.35800,2018-08-15 08:41:08
我们LGD是,100.20600,2018-08-15 08:44:41
动画片？,96.15800,2018-08-15 08:44:27
好短233,265.05100,2018-08-15 08:45:52
阿珍爱上了阿强,182.26900,2018-08-15 08:48:19
果子哥哥,32.24600,2018-08-15 08:49:13
阿珍爱上了阿强,27.07700,2018-08-15 08:49:15
女婿还行,55.64500,2018-08-15 08:48:58
抗议，还我呆毛,6.60600,2018-08-15 08:52:58
阿珍爱上了阿强,5.63700,2018-08-15 08:54:26
戏精,287.60800,2018-08-15 08:56:51
阿珍爱上了阿强,172.10100,2018-08-15 08:57:53
阿珍爱上了阿强？什么意思？,2.10300,2018-08-15 08:58:01
现在2.5了,76.69600,2018-08-15 08:58:49
动漫=动画片，两个不同的称呼而已,113.40500,2018-08-15 09:03:12
这也太骚了吧！,292.97600,2018-08-15 09:04:53
最后一话崩?那叫帅,251.48600,2018-08-15 09:05:35
神TM免费了，明明是自由了,285.10000,2018-08-15 09:07:20
会员的微笑,177.39000,2018-08-15 09:10:19
其实是漫展看见，强迫症要看完所有出展的,264.08900,2018-08-15 09:12:23
不抱了怎么办,262.81100,2018-08-15 09:13:03
看过,277.38500,2018-08-15 09:15:26
赞美太阳!,149.37500,2018-08-15 09:15:32
他本身就是刺客，只是失忆了,180.23100,2018-08-15 09:15:43
阿珍爱上了阿强,9.24600,2018-08-15 09:15:52
本子预定,314.14500,2018-08-15 09:16:20
本子预定,314.14500,2018-08-15 09:16:26
本子预定,314.14500,2018-08-15 09:16:33
追了追了2333,242.92600,2018-08-15 09:16:39
本子预定,314.14500,2018-08-15 09:16:40
本子预定,322.10400,2018-08-15 09:16:54
本子预定,314.14500,2018-08-15 09:16:13
抱歉，我带着柒先走一步,167.48000,2018-08-15 09:17:06
就是技能名字有的起的太low,241.67100,2018-08-15 09:18:03
阿珍爱上了阿强,166.62500,2018-08-15 09:19:51
……,28.88400,2018-08-15 09:20:14
我吹爆我跟你讲,175.00200,2018-08-15 09:20:56
赞美太阳☀！,151.54800,2018-08-15 09:21:20
吹爆刺客伍六七,198.26400,2018-08-15 09:20:32
短小但不精干,270.36300,2018-08-15 09:21:54
不抱了不抱了,268.29800,2018-08-15 09:23:15
本子预订,318.56400,2018-08-15 09:22:46
我才不看,270.35800,2018-08-15 09:24:15
66666,64.30000,2018-08-15 09:24:46
阿珍爱上了阿强,5.40600,2018-08-15 09:25:41
其实我想问本来就是喜欢里面的人和笑点，怎么上升成辣鸡了。求答,92.34700,2018-08-15 09:24:49
可以可以,151.47700,2018-08-15 09:26:14
是曾志伟的话，作为广东人的我，捧场,193.41100,2018-08-15 09:27:40
we are free （我们免费了）⊙ω⊙,300.24500,2018-08-15 09:30:00
真男人就 开扎古,157.21800,2018-08-15 09:31:41
888,268.14200,2018-08-15 09:32:31
md摩羯在我这里，谁来cos一下,122.45600,2018-08-15 09:36:59
本子预订！,318.07800,2018-08-15 09:38:20
6666666,289.65500,2018-08-15 09:38:23
什么?烤肉?默默拿出了危险扳机,126.97100,2018-08-15 09:43:08
我们免费啦！,292.11900,2018-08-15 09:45:54
风油精啊,73.93900,2018-08-15 09:46:02
底特律:变小,302.98300,2018-08-15 09:45:33
我妈,291.09500,2018-08-15 09:45:35
6666666666,55.37900,2018-08-15 09:45:35
本子预订！,161.18500,2018-08-15 09:45:40
本子预订！,315.33000,2018-08-15 09:48:15
我的血小板才没有这么成熟(╯°Д°)╯︵┴┴,161.16800,2018-08-15 09:48:22
阿珍爱上了阿强,8.86500,2018-08-15 09:50:37
没事不久会有小哥哥COS你们的,121.92700,2018-08-15 09:52:11
bzyd,316.53900,2018-08-15 09:53:06
什么？！小桃免费啦？赶紧去抢一个,283.95800,2018-08-15 09:54:11
2333,38.96800,2018-08-15 09:54:32
阿珍爱上了阿强,10.30000,2018-08-15 09:54:37
老爱来干嘛~不灭世界,288.41100,2018-08-15 09:56:47
。。,139.42700,2018-08-15 09:58:11
拜拜,267.38700,2018-08-15 10:00:30
long may the sunshine!,149.82600,2018-08-15 10:01:20
233333,40.71800,2018-08-15 10:03:23
说出来你可能不信 有人把台风的形状娘化了,127.86500,2018-08-15 10:04:27
某幻？？,5.55400,2018-08-15 10:07:50
某幻君？,12.82200,2018-08-15 10:08:04
配音是姜丝儿,206.03400,2018-08-15 10:08:18
难道爱酱是那个大黑哥,302.60900,2018-08-15 10:08:21
深夜福利,1.56600,2018-08-15 10:07:35
伍六七！！！,178.05000,2018-08-15 10:08:45
强推伍六七！！,194.77600,2018-08-15 10:09:12
可惜现在有的画面该改的改，该删的删了,185.77400,2018-08-15 10:12:13
当场去世，，，,231.52300,2018-08-15 10:11:51
这个是PSV啊,138.63400,2018-08-15 10:21:09
吹爆！！！,180.87200,2018-08-15 10:24:58
果子哥哥诶,25.71400,2018-08-15 10:26:39
果子哥哥欸,24.80100,2018-08-15 10:26:56
阿珍爱上了阿强……………,2.06700,2018-08-15 10:27:16
OMG,159.44900,2018-08-15 10:33:37
某种程度上说，苍蝇创造了世界纪录,68.99300,2018-08-15 10:35:39
小桃呃了一段音阶？？？,144.26700,2018-08-15 10:43:55
小桃被惊得唱起来了？,161.66200,2018-08-15 10:43:37
呃(rue),134.89900,2018-08-15 10:45:10
呃(咪),139.49900,2018-08-15 10:45:24
呃(哆),128.01900,2018-08-15 10:44:46
呃(fa),143.97900,2018-08-15 10:45:52
呃(嗦),151.73900,2018-08-15 10:46:15
呃(啦),156.45900,2018-08-15 10:46:27
小桃吐槽越来越犀利了,55.74200,2018-08-15 10:46:28
你的呃(xi)呢？？？,161.89900,2018-08-15 10:47:17
小桃：惊到唱了一段音阶,128.08600,2018-08-15 10:48:27
广电还是毁了（╯－＿－）╯╧╧ ,265.24700,2018-08-15 10:49:48
☜带谁走都不行，这俩都是我的！拔刀吧！,166.42200,2018-08-15 10:50:29
这个，emmm,280.62200,2018-08-15 10:50:39
我已经开始看了,321.33200,2018-08-15 10:50:52
爱酱笑嘻嘻内心mmp：你们两个秀恩爱给我适可而止！,306.34700,2018-08-15 10:54:03
小桃好可爱啊,160.38900,2018-08-15 10:56:25
湖北人表示能听懂哈哈,37.38700,2018-08-15 11:02:51
男人的浪漫不应该是徒手拆高达吗？,160.25200,2018-08-15 11:03:29
索拉尔是你,150.44200,2018-08-15 11:07:13
阿希爱上了阿桃,7.74600,2018-08-15 11:07:16
赞美太阳,150.00400,2018-08-15 11:07:49
有没有梅西慌得一批,146.00800,2018-08-15 11:10:03
山本五十六,184.14500,2018-08-15 11:20:34
爱酱：你大爷的我杵在这像个电灯泡好尴尬,289.48700,2018-08-15 11:28:17
但是广普老是串戏，，第一话看了几分钟就被广普成功劝退,243.90700,2018-08-15 11:35:34
233333,40.49700,2018-08-15 11:40:58
hhhhhhh,3.25700,2018-08-15 11:43:24
66666666,281.31900,2018-08-15 11:45:04
红红火火恍恍惚惚红火火恍恍惚惚,297.92100,2018-08-15 11:45:21
你愿意做我的血小板吗,99.71500,2018-08-15 13:21:19
这口音。。。。广东人,223.68500,2018-08-15 13:26:06
...,58.56900,2018-08-15 13:54:53
回来了,8.40600,2018-08-15 14:02:44
←动漫是动画加漫画，叫动画片没问题,118.73900,2018-08-15 14:52:02
终于承认小桃是我们的女的了,280.08600,2018-08-15 15:18:21
承包两个,161.14400,2018-08-15 15:22:04
吃老烤肉那个你是恶魔吗(*´﹃｀*),124.86200,2018-08-15 15:24:01
赞美太阳！,150.11400,2018-08-15 15:26:29
实话实说工作细胞black才是心疼，白版只是好玩,98.90200,2018-08-15 15:32:50
王老菊你呐,151.58100,2018-08-15 15:33:56
大巴黎咚咚咚,103.50700,2018-08-15 15:34:28
不不不，明明是刺客伍六七失忆变成市井小民的故事,182.45500,2018-08-15 15:35:24
不抱希望就不用看了,266.14700,2018-08-15 15:35:56
看过,285.98700,2018-08-15 15:36:19
阿珍爱上了阿强,179.56600,2018-08-15 15:37:16
不是一家人，不进一家门,52.54400,2018-08-15 15:40:23
都改了现在还看,177.84500,2018-08-15 15:40:23
果子哥,26.60600,2018-08-15 15:39:32
还真没半毛钱关系，我看了，就是盗墓笔记外传,77.60600,2018-08-15 15:41:19
这个红细胞我要了,159.52600,2018-08-15 15:43:24
哇,161.12300,2018-08-15 15:42:53
正片开始,271.84800,2018-08-15 15:50:01
为伍六七增加弹幕！,200.01200,2018-08-15 15:50:41
阿珍爱上了阿强,171.35500,2018-08-15 15:54:09
昨天才看完！！,168.13200,2018-08-15 15:58:19
免费了,285.74400,2018-08-15 15:58:22
这里小希表情,38.36700,2018-08-15 16:09:32
刚刚那个就是抽烟的血小板吧……,165.64000,2018-08-15 16:14:26
这个可以去网盘，B站是和谐版,265.32100,2018-08-15 16:16:17
本子预定,322.30900,2018-08-15 16:22:49
本子预定,318.36600,2018-08-15 16:28:09
阿珍爱上了阿强,9.23500,2018-08-15 16:28:31
刚刚看完伍六七就刷到了这个。。,2.40600,2018-08-15 16:29:39
你好骚啊,53.44100,2018-08-15 16:31:10
说是玩家举报，到底是什么我们部分人清楚吧,13.52900,2018-08-15 16:32:44
阿珍爱上了阿强,178.92400,2018-08-15 16:33:48
这是psv2000型不是PSP。。。,140.52400,2018-08-15 16:33:49
四川话233333,31.38500,2018-08-15 16:35:41
阿珍爱上了阿强,265.04700,2018-08-15 16:35:20
讲道理该片的质量还真对得起这些安利,263.97400,2018-08-15 16:36:17
完了完了，都被降智了,297.51900,2018-08-15 16:38:10
穷人的微笑,176.60300,2018-08-15 16:39:42
承包红血球,158.86800,2018-08-15 16:41:55
阿珍爱上了阿强,3.91300,2018-08-15 16:44:12
前2w,15.08200,2018-08-15 16:44:12
哇牛逼,154.89600,2018-08-15 16:44:40
红细胞可以的,159.69100,2018-08-15 16:45:37
我就知道是这个,272.43000,2018-08-15 16:47:41
你截图给谁看？,2.49100,2018-08-15 16:49:17
刘醒也划过那夜空,14.90600,2018-08-15 16:50:49
cndota与世界为敌,105.48200,2018-08-15 16:51:31
不是卡佩拉吗？,316.12600,2018-08-15 16:51:28
我们免费了（滑稽*）,291.39500,2018-08-15 17:00:20
兔老板直播的时候看过2333,147.81500,2018-08-15 17:02:49
小柔？,159.54600,2018-08-15 17:06:46
2333,70.00600,2018-08-15 17:07:48
66666,20.91800,2018-08-15 17:09:53
本子,117.95800,2018-08-15 17:11:32
额,143.79800,2018-08-15 17:11:58
是那个女人,291.76800,2018-08-15 17:15:59
本子预定,323.13800,2018-08-15 17:17:48
你确定冻鳗等于等于动画不懂别乱说百度一下好么,117.62100,2018-08-15 17:19:18
这是重庆话,42.81900,2018-08-15 17:20:13
小桃吐槽役担当,48.42500,2018-08-15 17:21:54
本子预定,278.21000,2018-08-15 17:23:55
没崩啊，挺好的,248.23200,2018-08-15 17:29:34
阿希爱上了啊桃,10.46400,2018-08-15 17:32:22
扎古加农！,155.48600,2018-08-15 17:33:18
真的好看！强推！,193.28200,2018-08-15 17:34:25
一起来生个孙女~~~~~~~~~~~~~~~~~,35.12700,2018-08-15 17:35:49
阿珍爱上了阿强,173.90800,2018-08-15 17:35:57
阿珍爱上了阿强！,13.34400,2018-08-15 17:36:02
好！！！！！！！！！,87.00200,2018-08-15 17:36:41
怎么没有魔法兄贵,158.71500,2018-08-15 17:36:17
本子预定,314.54400,2018-08-15 17:38:04
？？？？？？？？？？？？？？？？,155.06800,2018-08-15 17:38:22
阿珍爱上了阿强,168.14800,2018-08-15 17:38:49
这PSV吧，小希工作没做好啊,139.90400,2018-08-15 17:39:29
盖浇饭预定,317.06800,2018-08-15 17:38:33
红细胞可以,168.52800,2018-08-15 17:38:37
我可以（抢走）杀了两个妹子吗？,295.89100,2018-08-15 17:40:59
汪疯好弱的,225.94400,2018-08-15 17:41:12
本子预定,319.37900,2018-08-15 17:41:18
2333333,22.89600,2018-08-15 17:44:20
刺客信条？,182.87800,2018-08-15 17:46:21
阿珍~爱上了~阿强,169.00900,2018-08-15 17:47:30
不叫动画难道叫动漫？动漫啥意思自个查查去,102.66400,2018-08-15 17:49:08
阿珍爱上了阿强啊！,5.32700,2018-08-15 17:49:48
卢瑟为什么变成，，人工智障了啊啊啊！,309.33000,2018-08-15 17:50:20
@萌心_1ng,49.43200,2018-08-15 17:50:47
阿珍爱上了阿强,176.00600,2018-08-15 18:08:29
红细胞还挺像的,159.86100,2018-08-15 18:09:38
阿珍爱上了阿强,10.78700,2018-08-15 18:10:55
好骚啊,53.93100,2018-08-15 18:13:31
我们免费了,306.83000,2018-08-15 18:15:25
前面的，动漫≠动画，因为动漫是动画加漫画。,123.86700,2018-08-15 18:14:28
别说了，昭和要愤怒了,117.58500,2018-08-15 18:20:04
我看过,278.80900,2018-08-15 18:21:12
赞美太阳,149.80500,2018-08-15 18:23:58
阿珍爱上了阿强,14.80000,2018-08-15 18:24:57
本子预定,316.30900,2018-08-15 18:29:20
昨天刚看到,41.12700,2018-08-15 18:29:51
本子预订,318.81400,2018-08-15 18:31:55
没腿玩个锤子,150.19300,2018-08-15 18:32:46
没腿玩个锤子,155.60200,2018-08-15 18:33:00
赞美太阳！,151.00700,2018-08-15 18:32:08
对不起，没忍住，233,69.37600,2018-08-15 18:38:04
本子预定,318.34100,2018-08-15 18:38:11
本来就是动画片，动漫是错误叫法，只不过大家叫习惯了,97.62300,2018-08-15 18:38:24
↙我老婆↘,158.05600,2018-08-15 18:38:36
曾志伟,185.38800,2018-08-15 18:40:08
‘’‘’‘’‘’,320.06200,2018-08-15 18:40:55
这个必须吹,4.24300,2018-08-15 18:44:00
上餐桌2333,28.32600,2018-08-15 18:44:51
动画包括动。OK？,93.96600,2018-08-15 18:47:08
看这部番之前已经对国漫失去了任何希望，他让我找回了希望,254.57800,2018-08-15 18:47:35
阿珍爱上了阿强,178.52000,2018-08-15 18:52:16
少年传火不,150.89600,2018-08-15 18:51:36
阿珍爱上了阿强,11.40300,2018-08-15 18:54:25
有没有狼腾,99.35200,2018-08-15 18:54:28
我们免费了,288.17300,2018-08-15 18:56:26
豆瓣只要是国产就很难上9分,180.18400,2018-08-15 18:56:45
阿珍爱上了阿强这个梗不懂的可以去看看刺客五六七,9.71100,2018-08-15 19:09:51
七七！,205.78600,2018-08-15 19:09:52
在一个有刘醒的吔晚,178.14600,2018-08-15 19:12:49
阿珍爱上了阿强,176.24600,2018-08-15 19:12:27
底特律：穿模,268.53600,2018-08-15 19:14:18
绝地求生和掘地求生,145.83500,2018-08-15 19:16:31
并没有完结吧,183.28800,2018-08-15 19:23:30
阿珍爱上了阿强,179.26800,2018-08-15 19:28:44
赞美太阳！,150.66100,2018-08-15 19:34:38
男人的浪漫是钻头啊！,154.01100,2018-08-15 19:34:58
承包血小板,159.40800,2018-08-15 19:35:14
你俩就是我的血小板。。。。,104.12500,2018-08-15 19:38:34
刺客信条？刺客信条也是同步记忆来着。。。。。,183.50900,2018-08-15 19:42:20
果子哥哥,27.47300,2018-08-15 19:47:05
优秀这个人,129.43200,2018-08-15 19:49:26
机甲是男人的浪。。。。。。额,154.33400,2018-08-15 19:50:26
阿珍爱上了阿强,168.32600,2018-08-15 19:51:08
猫老大和爱酱预定就算了，可以蒙一蒙不会日语的，现在中文都摆在这里还预定个毛线球？,319.78600,2018-08-15 19:51:09
随波逐流的本子预定,316.71500,2018-08-15 19:57:38
在现场,291.63000,2018-08-15 19:58:24
强推,165.62900,2018-08-15 19:59:57
阿珍爱上了阿强,8.40800,2018-08-15 19:59:36
第一季不是已经完结了咩，番外也快了，坐等第二季,177.02400,2018-08-15 20:01:24
本来就是动画片啊,102.00800,2018-08-15 20:02:05
B站河蟹不看,192.18900,2018-08-15 20:03:35
阿珍爱上了阿强,165.41600,2018-08-15 20:07:01
阿珍爱上了啊强～,170.52600,2018-08-15 20:08:06
哇，看过,282.73300,2018-08-15 20:16:46
……dota新闻会报道，lol的新闻呢？,101.95800,2018-08-15 20:15:43
我以为是0.27,91.82000,2018-08-15 20:23:13
西恩刀塔，百斯特刀塔,105.92300,2018-08-15 20:23:45
阿七老公！我的！！！,186.64100,2018-08-15 20:25:32
今晚去吃烤肉吧！,126.53900,2018-08-15 20:31:57
本子预定,317.16800,2018-08-15 20:32:41
赞美太阳！,149.74700,2018-08-15 20:33:35
这是重庆这边的方言吧？。。。。听起来挺像的。,33.29300,2018-08-15 20:35:05
看到伍六七就滚进来了,0.13400,2018-08-15 20:37:09
假前,2.32700,2018-08-15 20:42:46
我再重申一次,104.80600,2018-08-15 20:48:27
太短啦,274.34100,2018-08-15 20:54:42
已经不抱的话就用这个让你重拾希望！,266.89800,2018-08-15 20:54:04
本子预定,317.38800,2018-08-15 20:57:49
动漫是动画加漫画，动画片有什么不对啊，这年代了还搞不清动画片的意思？,101.18400,2018-08-15 20:57:51
本子预订,317.90900,2018-08-15 21:01:37
是你 李世赫,138.11500,2018-08-15 21:05:19
前,8.21300,2018-08-15 21:15:02
本子预定,315.16600,2018-08-15 21:15:37
妥妥！！！,158.92400,2018-08-15 21:15:39
并没有完结，还有第二季,176.88200,2018-08-15 21:18:50
吹爆阿七啊啊啊啊啊！,192.74900,2018-08-15 21:20:32
承包柒哥！,195.22400,2018-08-15 21:20:49
哦啊咧哇，刚大木。,155.37000,2018-08-15 21:35:17
正片开始,265.38700,2018-08-15 21:35:21
这两个好看,159.47000,2018-08-15 21:35:40
本子预订,316.78700,2018-08-15 21:47:22
萝卜,155.22500,2018-08-15 21:51:40
红细胞不错,163.74600,2018-08-15 21:51:55
阿珍爱上阿强在脑子里飘了几天才散去,273.24100,2018-08-15 22:00:09
全场最佳:苍蝇,73.09100,2018-08-15 22:00:11
告辞,263.34900,2018-08-15 22:03:29
哈哈,99.55400,2018-08-15 22:06:51
噗,57.03700,2018-08-15 22:07:10
卡面来打 zio,132.53500,2018-08-15 22:07:55
吓得我吃了一惊,322.99700,2018-08-15 22:14:01
兄弟会:？？？,192.98700,2018-08-15 22:16:34
再见！,170.48600,2018-08-15 22:19:26
社会社会,35.67300,2018-08-15 22:20:57
被大悲咒怼死,75.73100,2018-08-15 22:27:35
阿珍爱上了阿强,5.81500,2018-08-15 22:29:19
这个看过,89.16400,2018-08-15 22:31:07
阿珍爱上了阿强,172.89700,2018-08-15 22:32:41
c9....   秒懂,137.90900,2018-08-15 22:39:23
赞美太阳！,152.50700,2018-08-15 22:55:45
这里小桃好萌。。,54.14500,2018-08-15 23:00:16
2333333333333,32.45200,2018-08-15 23:01:54
刚才那个是四川话。,40.13700,2018-08-15 23:03:30
看到五六期就过来。,15.11600,2018-08-15 23:03:03
啊7,174.93200,2018-08-15 23:04:17
额,150.41200,2018-08-15 23:05:24
额,155.94400,2018-08-15 23:05:28
额,160.90000,2018-08-15 23:05:33
嗯。,145.30700,2018-08-15 23:05:18
谁啊？,318.63900,2018-08-15 23:08:13
本子预定,316.14000,2018-08-15 23:07:28
我要了。,323.05800,2018-08-15 23:08:20
2333333,36.00600,2018-08-15 23:10:10
2333,34.88300,2018-08-15 23:28:28
工作细胞还算正常点的,160.14700,2018-08-15 23:34:29
阿七我老公,179.75600,2018-08-15 23:43:13
服气,132.50100,2018-08-15 23:42:10
再见,270.05700,2018-08-15 23:44:44
.......................................................................,166.35800,2018-08-15 23:45:43
这部电影不该用这个名字，就算用也应该加个番外篇,85.68600,2018-08-15 23:47:22
冻鳗高手要来吐槽了,99.70700,2018-08-15 23:48:16
这是PSV,139.26700,2018-08-15 23:49:03
摇了我吧,219.09400,2018-08-16 00:00:31
为免费而战,294.01700,2018-08-16 00:04:41
呵呵哈哈哈这个！,24.90500,2018-08-16 00:26:45
重庆,45.34700,2018-08-16 00:35:18
阿珍爱上了阿强,25.50100,2018-08-16 00:57:46
本子预定,314.82200,2018-08-16 01:14:36
大司马上午还玩呢,11.44500,2018-08-16 01:20:37
为什么是四川话？,24.74300,2018-08-16 01:43:22
母女情,286.31700,2018-08-16 02:40:14
最后一画不是最容易安利的一画吗,252.26700,2018-08-16 02:46:13
不对，怎么让血小板拿箱子？!,162.70800,2018-08-16 02:50:14
这都什么沙雕……,132.41200,2018-08-16 02:53:31
嗡嗡飞过~不要打我,68.53100,2018-08-16 03:17:04
嗡嗡飞过~不要打我,68.53100,2018-08-16 03:17:19
小桃吐槽役担当,109.32000,2018-08-16 03:22:00
阿强也爱阿珍,6.01300,2018-08-16 03:23:53
我永远爱小桃,59.25600,2018-08-16 03:25:56
舌尖上的攻击呢？,234.25400,2018-08-16 03:26:31
毫无关系、、、、、、,77.58000,2018-08-16 03:27:08
动画就动画吧无所谓对于我来说人家是帮着咱们大家说话的没看出来反正大家都爱看,100.86700,2018-08-16 03:27:29
绝地求生与掘地求升,148.90900,2018-08-16 03:29:00
666,53.36400,2018-08-16 03:28:27
难道外传要和主线有关系？,81.94700,2018-08-16 03:28:29
今天真是个大晴天啊,132.01000,2018-08-16 03:30:12
厉害了……,126.63500,2018-08-16 03:30:20
阿珍爱上了阿强,166.68800,2018-08-16 03:31:11
说起晴天的话，下个月就是我的生日了，你喜欢肉吗？,132.01000,2018-08-16 03:31:35
赞美月亮,150.24200,2018-08-16 03:32:41
阿珍爱上了阿强,167.79500,2018-08-16 03:41:15
预订的早了,272.79500,2018-08-16 03:43:52
看到巴黎圣日耳曼,102.04000,2018-08-16 03:46:31
也没见喜羊羊与灰太狼大电影哪部是在青青草原拍的啊,87.31100,2018-08-16 03:57:02
what?,130.34400,2018-08-16 04:22:58
看过hhh,279.06400,2018-08-16 04:24:12
心动的感觉,122.26600,2018-08-16 04:30:10
2333,268.58600,2018-08-16 04:32:40
哈哈哈哈,305.22600,2018-08-16 04:33:19
本子预定,315.82600,2018-08-16 04:33:33
我想到黑爪执行任务时候，谐星瑞破，哈哈哈,206.18600,2018-08-16 04:39:48
还是把模型换回来好,10.20600,2018-08-16 05:01:34
看过,276.44100,2018-08-16 05:14:42
小桃一副看智障的眼神,128.07800,2018-08-16 05:39:32
66666666666,30.20500,2018-08-16 05:42:17
血小板年纪太大了,164.40500,2018-08-16 05:43:42
最后一画看了三十多遍,258.74400,2018-08-16 05:54:12
吹爆吹爆吹爆！刺客伍六七是真良心,3.94800,2018-08-16 06:00:00
666666666,26.38100,2018-08-16 06:14:37
2333333333333,44.95400,2018-08-16 06:14:56
？？,253.41500,2018-08-16 06:14:24
惊了，有2.7分，满分100吧,76.24800,2018-08-16 06:34:11
。。。。cos台风？,130.48300,2018-08-16 06:35:51
6666666,30.87300,2018-08-16 06:39:04
阿珍爱上了阿强在一个有星星的夜晚,2.36500,2018-08-16 06:40:05
阿珍爱上了阿强，在一个有星星的夜晚~,5.15500,2018-08-16 06:48:46
呃,158.85800,2018-08-16 06:51:31
66666666,30.00900,2018-08-16 06:52:45
真香警告！,201.00000,2018-08-16 06:54:20
真香！！！,213.04000,2018-08-16 06:54:47
阿珍爱上阿强,47.12200,2018-08-16 07:04:43
795,1.18900,2018-08-16 07:24:21
绿色弹幕要笑死我了,287.31000,2018-08-16 07:26:56
还有new bee,102.93100,2018-08-16 07:28:18
看到爱酱就出戏,299.85900,2018-08-16 07:29:25
小希越来越像傻爱了,117.26800,2018-08-16 07:39:54
虐……虐杀原型？,182.80800,2018-08-16 08:04:38
石动店长飞刀警告,131.09400,2018-08-16 08:37:36
我要红细胞，血小板你们随意,160.55600,2018-08-16 08:50:33
好萌的小桃,158.68700,2018-08-16 09:02:51
呃,154.16800,2018-08-16 09:02:37
就我注了没有呆毛吗,56.44700,2018-08-16 09:20:42
啊七,173.10700,2018-08-16 10:02:12
捡到刺客了,175.66700,2018-08-16 10:02:32
cosplay无所不能,149.66700,2018-08-16 10:01:41
阿珍爱上了阿强,187.14700,2018-08-16 10:03:15
捡到刺客,184.58700,2018-08-16 10:02:48
阿珍爱上了阿强,36.10800,2018-08-16 10:46:47
会员的微笑,182.38600,2018-08-16 18:00:25
最后一话哪里崩了,244.33500,2018-08-16 18:21:49
安逸！,32.94600,2018-08-16 18:37:51
怎么感觉小希没有灵魂了,125.72100,2018-08-16 18:37:15
233333333333333333,75.34800,2018-08-16 18:52:06
看老板不爽，还可以干掉老板。,194.14900,2018-08-16 18:52:27
免费了,290.48800,2018-08-16 18:55:41
果子哥是重庆的。。,49.12600,2018-08-16 19:37:44
传说中的“德骨”……,61.46400,2018-08-16 19:53:12
不是动画片难不成还是电视剧呢,98.56800,2018-08-16 20:04:26
液体可以,99.84300,2018-08-16 20:11:40
666666,36.00100,2018-08-16 20:26:27
杰克船长那集赢了只是伍六七把钱拿去买裤子了,203.50700,2018-08-16 20:41:22
曾志伟,189.68000,2018-08-16 20:46:06
下一句，呃,150.60600,2018-08-16 21:09:22
底特律：穿模,281.20600,2018-08-16 21:11:42
本子预定……这回没走错！,311.89200,2018-08-16 21:13:19
全程看小桃表情,119.66200,2018-08-16 22:27:16
本子预定,319.41000,2018-08-16 22:27:31
阿珍爱上了阿强,24.54100,2018-08-16 22:32:18
66666666666666666666666666,34.11600,2018-08-16 22:32:25
23333333333333333333a1,52.91400,2018-08-16 22:32:40
2.6a1啊,105.00000,2018-08-16 22:33:22
6666666666666666666666666,133.07700,2018-08-16 22:33:45
我去我服啊,154.36200,2018-08-16 22:34:02
6666666666666666666666666666666666666,73.64700,2018-08-16 22:32:57
吹爆啊,200.45700,2018-08-16 22:34:38
66666666666666666666,227.57100,2018-08-16 22:35:00
哇塞我要,171.46400,2018-08-16 22:34:15
我吹爆567,288.89300,2018-08-16 22:35:49
降智打击吗,324.47800,2018-08-16 22:36:18
阿珍爱上了阿强,173.20300,2018-08-16 23:13:48
哈哈哈哈,74.32800,2018-08-16 23:15:30
阿七！,9.63300,2018-08-16 23:49:47
红细胞可以！,159.82000,2018-08-16 23:52:43
六加七等于十三！,172.74000,2018-08-16 23:53:23
最后一话阿七超帅！我吹爆！,247.64000,2018-08-16 23:55:06
不是动画片是啥,99.70100,2018-08-17 00:00:22
本。。。本子预定,284.64800,2018-08-17 00:42:15
四十米长的大刀以就位,252.61400,2018-08-17 02:34:49
我也是,89.77200,2018-08-17 03:08:08
8012年了还有人把动画叫冻鳗也是服气,101.09000,2018-08-17 03:21:58
说动漫等于动画的 建议你百度下,115.91300,2018-08-17 03:23:16
叫国漫的你把国产漫画放哪,192.24600,2018-08-17 03:26:16
国产动画谢谢,189.58200,2018-08-17 03:25:46
伍六七,205.14700,2018-08-17 04:37:11
Steam还有,21.18500,2018-08-17 05:16:32
ai演ai很好_(:зゝ∠)_,318.50800,2018-08-17 05:47:03
男人的浪漫不是拉大栓吗,153.69500,2018-08-17 06:16:05
不。。那个是重庆话,46.92500,2018-08-17 06:52:33
阿珍爱上了阿强,11.16100,2018-08-17 06:57:40
内马尔:,142.03800,2018-08-17 07:04:20
本子预定,315.00600,2018-08-17 07:19:24
最后一话哪里漰拉？,247.92700,2018-08-17 07:26:33
这是PSV呀,139.11700,2018-08-17 07:43:05
表白十三,183.57300,2018-08-17 07:47:36
母女免费辣ヾ(´∀｀。ヾ),287.02400,2018-08-17 08:11:23
弹幕素质了解一下,269.00000,2018-08-17 08:31:36
23333333333,34.94100,2018-08-17 09:11:19
结束了，艾莉丝。我们自由了,280.01700,2018-08-17 10:22:41
我记得好像还有个cos了自己的本子（就是你们想的那种本子）里的角色,123.76600,2018-08-17 10:26:20
卧槽这番贼好看,259.42700,2018-08-17 13:15:39
弹幕杠精好多,277.23900,2018-08-17 13:21:21
坐看杠精,247.48800,2018-08-17 13:21:59
弹幕有毒吧,269.01900,2018-08-17 13:20:58
真的敲击好看,266.10800,2018-08-17 13:22:28
底特律:希桃,316.90500,2018-08-17 16:20:36
阿珍爱  上了阿强,9.22700,2018-08-17 17:31:33
like this,30.48600,2018-08-17 17:32:19
扎古！,153.99700,2018-08-17 17:34:57
这不是psv吗？,137.05600,2018-08-17 17:34:28
阿珍爱上了阿强,6.72600,2018-08-17 18:35:05
23333,25.88600,2018-08-17 18:35:27
四川话好评,29.64600,2018-08-17 18:35:35
阿珍爱上了阿强,170.04600,2018-08-17 18:38:11
本子预定,318.66000,2018-08-17 20:46:14
抹上鸡蛋液，裹上面包糠，放油锅里炸至两面金黄,75.04800,2018-08-17 20:53:49
6的压批,56.93900,2018-08-17 21:04:02
是人是鬼都在秀，只有vg在挨揍,105.11800,2018-08-17 22:09:26
佛了,127.64800,2018-08-17 22:16:07
这是PSV吧,136.54500,2018-08-17 22:16:47
阿珍爱上了阿强,172.16200,2018-08-17 22:19:00
红细胞好像,162.52000,2018-08-17 22:18:32
就是崩了,256.53900,2018-08-17 22:22:37
这是PSV啊,140.42800,2018-08-17 22:58:31
正片开始,266.62100,2018-08-17 23:00:38
6666666,72.42700,2018-08-17 23:06:39
赞美太阳！,149.75600,2018-08-18 01:05:53
nr,156.63700,2018-08-18 01:06:05
大舰大炮才是男人的浪漫,156.63700,2018-08-18 01:06:58
果子哥哥好评,25.62200,2018-08-18 02:14:24
阿珍爱上了阿强,168.92600,2018-08-18 04:39:21
在一个 没有星星的夜晚～,170.76600,2018-08-18 04:39:44
追剧：刺客伍六七，看到鸡中霸王（中）,5.86600,2018-08-18 05:08:52
无锡丝业博物馆漫展有看到工作细胞和PUBG,155.27700,2018-08-18 05:12:03
这个挡字幕是真的难受,50.55800,2018-08-18 05:19:27
曾志伟吗 0 0,188.81200,2018-08-18 08:29:05
不懂阿真爱上阿强的，去看正片,6.82300,2018-08-18 18:24:25
这个台风是真的出名了,125.93300,2018-08-18 18:45:52
最后一画到底哪里崩了？？？,255.50300,2018-08-18 19:31:08
爱酱日常客串,312.20000,2018-08-18 20:48:15
22233333333,247.74600,2018-08-18 23:11:45
Long may the sunshine!!!!,151.12900,2018-08-19 00:10:10
阿珍爱上了阿强,191.19000,2018-08-19 00:34:50
为阿七打电话,208.10800,2018-08-19 00:35:18
希望整理一下本子,117.90500,2018-08-19 03:10:04
大巴黎！,105.31300,2018-08-19 03:09:51
钻头呢？,157.50000,2018-08-19 03:10:49
阿珍爱上了阿强,172.26000,2018-08-19 03:46:07
笑出声,56.72700,2018-08-19 04:21:46
刚刚那个cos是真的可以,161.54700,2018-08-19 04:29:53
刺客伍六七,193.46700,2018-08-19 04:30:36
真香,212.54700,2018-08-19 04:32:34
被骗的为啥都是有钱人,52.80600,2018-08-19 04:37:44
wryyyyyyyyyyyyyyyyy！！,127.33500,2018-08-19 04:45:36
高压才能出人才,288.98100,2018-08-19 05:01:01
配音不是曾志伟，是姜sir。。。,195.92600,2018-08-19 05:51:06
阿七超可爱,223.56500,2018-08-19 05:51:55
完美结局好评,300.60600,2018-08-19 05:54:11
我的天哪,53.99200,2018-08-19 06:27:37
可惜2333,68.51900,2018-08-19 06:28:04
赞美太阳！,150.33300,2018-08-19 06:30:37
hhhhh,215.12300,2018-08-19 06:31:47
@带带-8000,53.50700,2018-08-19 08:05:40
四川方言,31.42600,2018-08-19 10:05:06
真的是炒冷饭,75.58600,2018-08-19 10:05:51
糟了 是心肌梗塞的感觉,144.53600,2018-08-19 10:07:16
最后一次成了好吗,203.33000,2018-08-19 10:08:38
从镇魂街开始我就一直抱有希望,264.08800,2018-08-19 10:10:13
动漫等于动画＋漫画,120.24000,2018-08-19 17:55:45
结束了爱丽丝，我们免费了,284.75800,2018-08-19 17:58:56
杂志天下！,90.07500,2018-08-19 18:00:16
四川,33.95400,2018-08-19 18:37:36
你们免费了,287.44600,2018-08-19 20:09:19
真    bug,69.44500,2018-08-19 21:36:46
阿珍爱上了阿强,172.49700,2018-08-19 22:05:37
连车都连带的。。。,146.56100,2018-08-19 22:26:38
hhhhhhhh,28.50700,2018-08-19 23:18:33
我们免费了,305.09000,2018-08-19 23:23:09
啊珍爱上了阿强,173.78800,2018-08-20 00:58:19
不要摆老，勒是我们重庆的果子哥哥,34.39300,2018-08-20 01:20:20
我就是从第一集开始看的！柒哥超帅(๑>؂<๑）,268.24700,2018-08-20 02:46:51
在一个有猩猩的夜晚,20.02700,2018-08-20 03:52:21
吹爆,192.82400,2018-08-20 04:13:03
希望？,272.76100,2018-08-20 06:38:13
是重庆话，别误导人,45.81000,2018-08-20 06:39:05
阿珍爱上了阿强,10.48300,2018-08-20 10:18:27
我们免费了,286.91100,2018-08-20 10:42:55
我们免费了,285.63800,2018-08-20 11:01:42
我吹爆这个,169.04500,2018-08-20 17:07:00
叫动画片怎么了? 动画片动画片动画片,99.43500,2018-08-20 17:57:04
众所周知，血是黑的，被砍成两节会变成方块。,189.61600,2018-08-20 20:32:31
阿珍爱上了阿强,9.46800,2018-08-20 20:48:45
？？？,125.63800,2018-08-21 03:19:44
 是男人就开钢普拉,153.26100,2018-08-21 06:22:13
阿诺的袖剑,186.08500,2018-08-21 07:02:08
阿珍爱上了阿强,170.64400,2018-08-21 07:14:20
下面的你别想,阿七我的,193.62600,2018-08-21 10:07:57
这段喘气，我也就只听了300遍而已,204.78300,2018-08-21 10:08:25
见七滚,5.82500,2018-08-21 21:47:06
已经完结了，番外也完结了,182.76000,2018-08-21 21:52:38
本子预定,319.61900,2018-08-22 00:12:11
影子很像琪亚娜,300.56700,2018-08-22 02:29:29
阿珍爱上了阿强～,168.68500,2018-08-22 04:17:09
血小板归你们，小希归我（滑稽）,163.68800,2018-08-22 05:05:57
见七进,1.00400,2018-08-22 10:49:34
阿珍爱上了阿强～,5.74400,2018-08-22 16:32:04
男人的浪漫不是机瞄吗？,157.20800,2018-08-22 17:51:58
我们免费了,280.94100,2018-08-22 17:54:30
阿珍爱上了阿强,174.24500,2018-08-22 21:21:07
猪肉大葱，可带劲了,33.34800,2018-08-22 21:36:30
？,249.28700,2018-08-23 01:09:07
阿珍爱上了阿强,5.36500,2018-08-23 01:37:44
见七滚,4.44700,2018-08-23 04:21:56
动画片? 动漫啊！,94.82400,2018-08-23 05:55:48
廖杰诶,104.50900,2018-08-23 10:25:55
说四川的，这是重庆话,41.08600,2018-08-23 11:27:43
听过xd,38.67500,2018-08-23 16:19:27
厉害,58.62500,2018-08-23 16:19:47
去殡仪馆背尸，一个月税前4万（被打死）,192.62400,2018-08-23 16:22:52
还可以宅在家里，过年过节不用串门,192.62400,2018-08-23 16:23:08
红红火火恍恍惚惚,220.59400,2018-08-23 16:23:36
emmm,126.56200,2018-08-23 19:10:34
什么，NO,13.02700,2018-08-23 20:03:13
66666,40.58600,2018-08-23 20:24:04
换你们就辣么捞,300.72200,2018-08-23 21:04:35
这裙子不会是抽风了吧。。,290.21500,2018-08-23 21:04:10
阿珍爱上了阿强,3.02800,2018-08-24 03:52:07
阿珍爱上了阿强,169.21000,2018-08-24 03:55:06
萝太？？？,160.02300,2018-08-24 12:05:37
这个不错,274.14300,2018-08-24 12:07:37
喜欢原模,284.86300,2018-08-24 12:07:57
999弹幕由我来打破,0.02500,2018-08-24 20:35:04
23333333,71.36400,2018-08-24 20:57:55
66666,22.00300,2018-08-24 20:57:03
阿珍爱上了阿强,5.38500,2018-08-24 23:35:02
阿珍爱上了阿强,170.24000,2018-08-24 23:36:49
阿珍爱上了阿强,171.60100,2018-08-25 01:16:58
最后一集我咋觉得没有崩呢？,251.62000,2018-08-25 01:18:37
2.7？要不要这么惨，逐梦演艺圈都有2.1”,78.34900,2018-08-25 03:28:32
阿珍爱上了阿强,7.96600,2018-08-25 11:24:10
阿珍爱上了阿强,10.10700,2018-08-25 17:31:10
有我scp吗？,141.84700,2018-08-25 18:38:13
阿珍爱上了阿强,178.37500,2018-08-25 20:19:07
云雀？！,126.42100,2018-08-26 05:09:32
2333333,38.62700,2018-08-26 08:17:15
爱酱是卢瑟,306.71200,2018-08-26 15:57:09
有趣,31.78600,2018-08-26 18:27:09
恶魔恶魔,176.15000,2018-08-26 18:28:21
《刺客伍六七》会有些十分应景搞怪的bgm，阿珍爱上了阿强就是一个,4.46400,2018-08-27 09:19:51
左边的是什么!!!,292.95300,2018-08-27 10:29:02
阿珍爱上了阿强，在一个有星星的夜晚,168.61700,2018-08-27 18:25:53
阿珍爱上了阿强,9.60600,2018-08-27 21:16:31
秀啊,31.36600,2018-08-27 21:17:03
阿珍爱上了阿强,166.57600,2018-08-27 21:19:11
小号在线,210.52300,2018-08-27 21:20:12
吹爆,242.36300,2018-08-27 21:20:55
刺客大马猴了解下,5.26500,2018-08-28 00:36:05
德骨！,59.00400,2018-08-28 04:11:13
动画通称，动漫是中国特有叫法，叫动画什么毛病也没有,105.20000,2018-08-28 05:07:59
B站评分一亿,172.24900,2018-08-28 06:16:21
阿珍爱上了阿强,173.98300,2018-08-28 20:20:58
来看正片的,271.22600,2018-08-29 06:47:23
当场：你才去世,233.61600,2018-08-29 09:00:35
动漫不等于动画好吗？？,117.55200,2018-08-29 11:46:31
这不几年前的吗，现在都有印象哈哈哈哈哈哈哈,49.66900,2018-08-29 11:54:10
小陶刚才好像平移了一阵子。,296.32700,2018-08-29 15:10:28
你才：我才没去世,239.24500,2018-08-29 17:24:47
温州人躺枪,40.83200,2018-08-29 18:21:54
阿七最棒!,186.94200,2018-08-29 21:24:43
不想卖牛杂的刺客不是好的理发师,186.58400,2018-08-29 22:22:22
吹爆伍六七!!!!!!,185.36700,2018-08-29 23:25:20
阿珍爱上了阿强,13.06600,2018-08-30 06:49:06
阿珍爱上了阿强,4.84300,2018-08-30 07:22:21
阿珍爱上了阿强～,8.54700,2018-08-30 09:36:53
重庆的栽舅子,23.95500,2018-08-30 09:37:38
好久没更了啊,170.39200,2018-08-30 09:40:27
4v的,138.15200,2018-08-30 09:39:49
真德骨,63.90900,2018-08-30 21:14:40
工作细胞要dssq了呜呜呜,98.86500,2018-08-30 21:54:12
杂志天下，在学校看的,93.71800,2018-08-30 23:25:54
我觉得可以,159.00600,2018-08-31 00:48:57
就是动画片好吧,99.29900,2018-08-31 02:10:30
不抱有希望的弱智你很牛逼哦,268.05900,2018-08-31 02:13:37
阿珍爱上了阿强～,9.16700,2018-08-31 03:22:29
阿珍爱上了阿强,172.86700,2018-08-31 06:01:01
那么那个0.1是谁,175.44600,2018-08-31 08:42:50
底特律：降智,309.68100,2018-08-31 09:10:55
也就这个正常了,159.07800,2018-08-31 11:06:06
xue,121.71900,2018-08-31 15:14:21
血大板cos了解一下,126.02800,2018-08-31 15:14:47
终于等到你,4.52300,2018-08-31 18:55:02
就是动画片呀,103.12600,2018-08-31 19:14:34
刺客信条？那是敌方刺客，这个是我方刺客,183.84200,2018-08-31 19:31:46
我们免费了,289.15700,2018-08-31 21:35:09
鸡大宝配音是我姜sir啊啊啊,200.02700,2018-09-01 01:23:39
我已经笑了,294.12100,2018-09-01 01:53:52
23333333,311.06900,2018-09-01 01:54:09
你最好解释一下最后一话究竟哪里崩，不然我告你诽谤,247.80500,2018-09-01 05:29:22
哈哈哈哈哈哈哈,68.36600,2018-09-01 08:19:28
这都可以?,142.33900,2018-09-01 20:33:58
本子预定,315.35800,2018-09-02 01:41:16
动漫:动画和漫画(参见现代汉语词典),107.36600,2018-09-02 04:46:47
神tm动漫等于动画，连个漫画都没有你好意思叫动漫？虽然工作细胞的确是动漫,117.63300,2018-09-02 05:25:49
最后那段打斗的分镜确实蹦了,258.09000,2018-09-02 06:17:46
这是重庆话  蟹蟹！,40.28600,2018-09-02 06:20:35
阿真爱上了啊强,259.56400,2018-09-02 07:46:41
2333333,36.40300,2018-09-02 21:07:01
不是还有东cm吗？,112.63500,2018-09-03 15:39:53
不是还有冬cm吗？,119.28000,2018-09-03 15:40:17
果子哥哥,22.42700,2018-09-04 18:18:44
果子哥哥,37.22500,2018-09-04 23:13:00
掘地求生好评,150.62700,2018-09-05 01:33:12
重庆话,32.56600,2018-09-05 07:17:13
杂志天下，小时候经常看,93.18600,2018-09-05 08:07:29
这不是PSV吗……,141.34800,2018-09-05 22:35:28
阿珍爱上了阿强,13.77500,2018-09-06 10:07:28
阿珍爱上了阿强,8.32700,2018-09-07 06:07:34
2.6了,83.16100,2018-09-07 15:52:41
迷之突起,126.44000,2018-09-08 12:27:50
国漫崛起啦？,170.61800,2018-09-10 09:10:54
叫动画吧。毕竟叫动漫不严谨,101.01000,2018-09-12 06:39:55
高调承包我七（柒）,180.45400,2018-09-12 06:41:47
其实改完删完观看体验也不差别太在意啦。。。,191.53300,2018-09-12 06:42:15
最后一话崩了吗←太激动完全没注意,246.61400,2018-09-12 06:43:25
你们免费了,296.57400,2018-09-12 06:44:29
66666,290.65400,2018-09-12 06:44:20
不是动画片还是ppt吗,102.12500,2018-09-12 09:35:36
配音很舒服,195.99200,2018-09-12 09:37:54
小希:小桃你头该洗了,304.34600,2018-09-16 06:00:35
夜王夜王，大冠骑王,110.29300,2018-09-16 06:09:49
我才没有：谁说我去世？,247.34300,2018-09-16 06:57:22
阿珍爱上了阿强，在一个星星的夜晚,5.19300,2018-09-16 17:26:13
本来就是动画片好吗？动漫是动画+漫画的合称ok？而且这里只是讲的是那部番，自己没点见识还出来丢人现眼笑死人了,98.88900,2018-09-24 05:21:22
伍六七的配音不是导演么,201.19600,2018-09-24 19:26:29
最后一话哪里崩了，更好看好不啦,248.73600,2018-09-24 19:27:38
.,0.13400,2018-09-30 08:59:46
233333,246.65500,2018-09-30 09:03:53
魔鬼,127.45100,2018-10-08 07:44:12
这个海星,155.27000,2018-10-08 07:44:43
阿珍爱上了阿强,181.65700,2018-10-10 04:45:51
！！！！！！,25.41700,2018-10-12 23:48:06
hhhhhhhhh,35.91000,2018-10-12 23:48:17
阿珍爱上了阿强,200.13100,2018-10-12 23:51:01
立刻去看报纸,45.74500,2018-11-08 00:20:39
bug,73.52500,2018-11-08 02:07:19
2333333,35.93200,2018-11-14 18:35:33
？？哪里崩了 最后一话最好看 N刷,248.79500,2018-11-20 03:41:51
赞美太阳,150.46100,2018-12-01 03:32:22
IG牛逼,97.72300,2018-12-10 05:32:06
说出来你们不信也得信，柒是我男人,3.34200,2018-12-17 02:37:08
没错！！！就是我男人！！！,165.73200,2018-12-17 02:40:33
最后一话哪几崩了我男人多帅啊,247.06100,2018-12-17 02:43:09
柒：我去死吧我去死吧…,230.05200,2018-12-17 02:42:29
大家能不能理智点？没有漫画原型的叫动画，有漫画原型的叫动漫，工作细胞是漫改动画，算动漫,99.96700,2018-12-31 08:28:41
阿珍爱上了阿强,171.67800,2019-01-22 02:37:58
底特律:花Q,308.62300,2019-01-22 02:40:45
然而广告就打败了一批人，感动的那是鼻涕一把泪一把,33.22500,2019-02-01 20:17:07
最后一话简直了好吗哪里崩,250.33200,2019-02-17 23:38:39
那里崩了,248.75600,2019-02-25 23:56:57
终于证实母子了，泪目啊,292.82400,2019-03-13 02:17:21
6666,55.20300,2019-03-31 16:21:26
这么慢,296.30200,2019-04-20 01:26:24
